Case-1
100 70
600 400
2
4
200 480
200 100
250 100
250 480
5
400 0
300 100
350 250
450 250
500 100

Case-2
50 50
750 180
3
4
100 0
200 0
200 400
100 400
4
250 200
350 200
350 600
250 600
4
400 50
550 50
550 250
400 250

Case-3
50 50
750 580
3
4
100 0
200 0
200 400
100 400
4
250 200
350 200
350 600
250 600
4
400 32
700 32
700 575
400 575

Case-4
190 30
660 500
5
3
200 50
200 200
350 200
3
220 50
370 50
370 200
3
400 250
400 450
600 450
3
430 250
630 250
630 450
3
640 470
640 550
680 550

Case-5
190 55
660 500
9
4
740 360 
750 350
680 540
670 530
3
710 290
780 350
630 380
3
520 450
620 540
349 580
4
450 70
700 70
700 240 
450 240
3
200 50
200 200
350 200
3
220 50
370 50
370 200
3
400 250
400 450
600 450
3
430 250
630 250
630 450
3
640 470
640 550
680 550